1697871490 , 1.313975  
1697871496 , 0.322982  
1697871502 , 0.100696  
1697871508 , 0.415115  
1697871514 , 0.799262  
1697871520 , 0.747893  
1697871526 , 0.719105  
1697871532 , 0.876875  
1697871538 , 0.898249  
1697871544 , 0.978775  
1697871550 , 1.017475  
1697871555 , 0.983674  
1697871561 , 0.980495  
1697871567 , 0.816704  
1697871573 , 0.843996  
1697871579 , 0.765501  
1697871585 , 0.823654  
1697871591 , 0.831916  
1697871597 , 0.789481  
1697871603 , 0.821204  
1697871609 , 0.875326  
1697871615 , 0.773569  
1697871620 , 0.742564  
1697871626 , 0.827664  
1697871632 , 0.800534  
1697871638 , 0.793370  
1697871644 , 0.768971  
1697871650 , 0.835135  
1697871656 , 0.920787  
1697871662 , 0.873895  
1697871668 , 0.768517  
1697871674 , 0.732685  
1697871680 , 0.645056  
1697871685 , 0.653416  
1697871691 , 0.720433  
1697871697 , 0.844651  
1697871703 , 0.803670  
1697871709 , 0.837077  
1697871715 , 0.848937  
1697871721 , 0.773768  
1697871727 , 0.866328  
1697871733 , 0.824449  
1697871739 , 0.823184  
1697871744 , 0.885955  
1697871750 , 0.854408  
1697871756 , 0.872614  
1697871762 , 0.853021  
1697871768 , 0.848233  
1697871774 , 0.833385  
1697871780 , 0.767826  
1697871786 , 0.640163  
1697871792 , 0.731062  
1697871798 , 0.689377  
1697871804 , 0.690651  
1697871810 , 0.874884  
1697871815 , 0.798955  
1697871821 , 0.890217  
1697871827 , 0.930429  
1697871833 , 0.858572  
1697871839 , 0.867576  
1697871845 , 0.657856  
1697871851 , 0.669221  
1697871857 , 0.693176  
1697871863 , 0.802686  
1697871869 , 0.828235  
1697871875 , 0.797269  
1697871881 , 0.940973  
1697871886 , 0.913476  
1697871892 , 0.961468  
1697871898 , 0.916753  
1697871904 , 0.837381  
1697871910 , 0.818311  
1697871916 , 0.743012  
1697871922 , 0.647674  
1697871928 , 0.649329  
1697871934 , 0.648129  
1697871940 , 0.946374  
1697871946 , 0.876901  
1697871952 , 0.719214  
1697871957 , 0.770914  
1697871963 , 0.706600  
1697871969 , 0.732536  
1697871975 , 0.798526  
1697871981 , 0.734182  
1697871987 , 0.812195  
1697871993 , 0.741743  
1697871999 , 0.793650  
1697872005 , 0.864788  
1697872011 , 0.949246  
1697872017 , 0.896679  
1697872023 , 0.878149  
1697872028 , 0.813318  
1697872034 , 0.836686  
1697872040 , 0.866775  
1697872046 , 0.914710  
1697872052 , 0.859228  
1697872058 , 0.768096  
1697872064 , 0.862170  
1697872070 , 0.810987  
1697872076 , 0.802529  
1697872082 , 0.865315  
1697872088 , 0.875040  
1697872094 , 0.857675  
1697872099 , 0.875615  
1697872105 , 0.813477  
1697872111 , 0.834923  
1697872117 , 0.823235  
1697872123 , 0.812223  
1697872129 , 0.679027  
1697872135 , 0.663325  
1697872141 , 0.817663  
1697872147 , 0.901377  
1697872153 , 0.901737  
1697872159 , 0.992941  
1697872165 , 0.925086  
1697872170 , 0.786621  
1697872176 , 0.846423  
1697872182 , 0.728119  
1697872188 , 0.725854  
1697872194 , 0.687579  
1697872200 , 0.723001  
1697872206 , 0.739552  
1697872212 , 0.751893  
1697872218 , 0.692459  
1697872224 , 0.709597  
1697872230 , 0.857289  
1697872235 , 0.864936  
1697872241 , 0.787366  
1697872247 , 0.704237  
1697872253 , 0.745564  
1697872259 , 0.712194  
1697872265 , 0.846749  
1697872271 , 0.948440  
1697872277 , 1.025835  
1697872283 , 1.101490  
1697872289 , 1.028241  
1697872295 , 0.872941  
1697872300 , 0.805094  
1697872306 , 0.684344  
1697872312 , 0.677176  
1697872318 , 0.743208  
1697872324 , 0.773274  
1697872330 , 0.763451  
1697872336 , 0.791157  
1697872342 , 0.850114  
1697872348 , 0.802841  
1697872354 , 0.786952  
1697872360 , 0.634431  
1697872365 , 0.721366  
1697872371 , 0.792069  
1697872377 , 0.828317  
1697872383 , 0.900146  
1697872389 , 0.787735  
1697872395 , 0.666694  
1697872401 , 0.589218  
1697872407 , 0.768506  
1697872413 , 0.828974  
1697872419 , 0.954714  
1697872425 , 1.034332  
1697872430 , 0.953464  
1697872436 , 0.864574  
1697872442 , 0.963167  
1697872448 , 0.958170  
1697872454 , 0.900580  
1697872460 , 0.771895  
1697872466 , 0.610978  
1697872472 , 0.712957  
1697872478 , 0.783300  
1697872484 , 0.796598  
1697872490 , 0.767457  
1697872495 , 0.696224  
1697872501 , 0.671410  
1697872507 , 0.732105  
1697872513 , 0.738155  
1697872519 , 0.756749  
1697872525 , 0.738571  
1697872531 , 0.817386  
1697872537 , 0.792365  
1697872543 , 0.877383  
1697872549 , 0.803617  
1697872555 , 0.725077  
1697872561 , 0.754555  
1697872566 , 0.810868  
1697872572 , 0.815438  
1697872578 , 0.816427  
1697872584 , 0.719220  
1697872590 , 0.785316  
1697872596 , 0.809163  
1697872602 , 0.803496  
1697872608 , 0.838306  
1697872614 , 0.871327  
1697872620 , 0.912898  
1697872626 , 0.893876  
1697872632 , 0.982571  
1697872638 , 0.814304  
1697872643 , 0.650980  
1697872649 , 0.727237  
1697872655 , 0.760118  
1697872661 , 0.911073  
1697872667 , 0.780868  
1697872673 , 0.878857  
1697872679 , 0.881302  
1697872685 , 0.840820  
1697872691 , 0.776662  
1697872697 , 0.776418  
1697872703 , 0.699231  
1697872709 , 0.767502  
1697872714 , 0.770459  
1697872720 , 0.834448  
1697872726 , 0.689781  
1697872732 , 0.686209  
1697872738 , 0.740305  
1697872744 , 0.756379  
1697872750 , 0.736066  
1697872756 , 0.689797  
1697872762 , 0.574230  
1697872768 , 0.763587  
1697872774 , 0.817605  
1697872780 , 0.839836  
1697872785 , 0.862339  
1697872791 , 0.800872  
1697872797 , 0.866570  
1697872803 , 0.926720  
1697872809 , 0.905672  
1697872815 , 0.769686  
1697872821 , 0.859127  
1697872827 , 0.639617  
1697872833 , 0.717566  
1697872839 , 0.788958  
1697872844 , 0.729618  
1697872850 , 0.814641  
1697872856 , 0.823302  
1697872862 , 0.808340  
1697872868 , 0.896231  
1697872874 , 0.768273  
1697872880 , 0.676692  
1697872886 , 0.740456  
1697872892 , 0.670486  
1697872898 , 0.774948  
1697872904 , 0.883799  
1697872909 , 0.948956  
1697872915 , 0.911481  
1697872921 , 0.924505  
1697872927 , 0.940641  
1697872933 , 0.835676  
1697872939 , 0.813772  
1697872945 , 0.890260  
1697872951 , 0.909684  
1697872957 , 0.699834  
1697872963 , 0.800658  
1697872969 , 0.661662  
1697872974 , 0.598046  
1697872980 , 0.926368  
1697872986 , 0.747404  
1697872992 , 0.764846  
1697872998 , 0.721455  
1697873004 , 0.677910  
1697873010 , 0.661505  
1697873016 , 0.551196  
1697873022 , 0.673756  
1697873027 , 0.784234  
1697873033 , 0.779231  
1697873039 , 0.766394  
1697873045 , 0.762459  
1697873051 , 0.722978  
1697873057 , 0.716418  
1697873063 , 0.781913  
