1697871490 , 0.000000  
1697871496 , 0.000000  
1697871502 , 0.000000  
1697871508 , 0.000000  
1697871514 , -0.012500  
1697871520 , -0.006250  
1697871526 , 0.059375  
1697871532 , 0.092187  
1697871538 , 0.108594  
1697871544 , 0.104297  
1697871550 , 0.089648  
1697871555 , 0.057324  
1697871561 , 0.041162  
1697871567 , 0.041162  
1697871573 , 0.045581  
1697871579 , 0.060291  
1697871585 , 0.067645  
1697871591 , 0.071323  
1697871597 , 0.073161  
1697871603 , 0.074081  
1697871609 , 0.049540  
1697871615 , 0.037270  
1697871620 , 0.006135  
1697871626 , -0.021932  
1697871632 , -0.048466  
1697871638 , -0.074233  
1697871644 , -0.074233  
1697871650 , -0.037117  
1697871656 , 0.006442  
1697871662 , 0.028221  
1697871668 , 0.051610  
1697871674 , 0.050805  
1697871680 , 0.050805  
1697871685 , 0.025403  
1697871691 , 0.000201  
1697871697 , 0.000101  
1697871703 , 0.000050  
1697871709 , 0.012525  
1697871715 , 0.018763  
1697871721 , 0.021881  
1697871727 , 0.023441  
1697871733 , 0.023441  
1697871739 , 0.024220  
1697871744 , -0.000390  
1697871750 , -0.000390  
1697871756 , -0.012695  
1697871762 , -0.006347  
1697871768 , 0.009326  
1697871774 , 0.029663  
1697871780 , 0.027332  
1697871786 , 0.013666  
1697871792 , 0.031833  
1697871798 , 0.031833  
1697871804 , 0.053416  
1697871810 , 0.053416  
1697871815 , 0.026708  
1697871821 , 0.025854  
1697871827 , 0.000427  
1697871833 , -0.012286  
1697871839 , -0.018643  
1697871845 , -0.021822  
1697871851 , 0.001589  
1697871857 , 0.000795  
1697871863 , 0.012897  
1697871869 , 0.018949  
1697871875 , 0.009474  
1697871881 , 0.029737  
1697871886 , 0.052369  
1697871892 , 0.063684  
1697871898 , 0.069342  
1697871904 , 0.059671  
1697871910 , 0.042336  
1697871916 , 0.021168  
1697871922 , 0.010584  
1697871928 , -0.007208  
1697871934 , -0.028604  
1697871940 , -0.039302  
1697871946 , -0.019651  
1697871952 , 0.002674  
1697871957 , 0.013837  
1697871963 , 0.019419  
1697871969 , 0.009709  
1697871975 , -0.007645  
1697871981 , -0.028823  
1697871987 , -0.026911  
1697871993 , -0.025956  
1697871999 , -0.025478  
1697872005 , -0.000239  
1697872011 , 0.024881  
1697872017 , 0.037440  
1697872023 , 0.056220  
1697872028 , 0.065610  
1697872034 , 0.057805  
1697872040 , 0.057805  
1697872046 , 0.041403  
1697872052 , 0.020701  
1697872058 , 0.010351  
1697872064 , -0.007325  
1697872070 , -0.003662  
1697872076 , -0.001831  
1697872082 , 0.011584  
1697872088 , 0.018292  
1697872094 , -0.003354  
1697872099 , -0.026677  
1697872105 , -0.038338  
1697872111 , -0.056669  
1697872117 , -0.053335  
1697872123 , -0.051667  
1697872129 , -0.038334  
1697872135 , -0.031667  
1697872141 , -0.015833  
1697872147 , -0.007917  
1697872153 , 0.008542  
1697872159 , 0.029271  
1697872165 , 0.029271  
1697872170 , 0.027135  
1697872176 , 0.026068  
1697872182 , 0.000534  
1697872188 , -0.024733  
1697872194 , -0.012367  
1697872200 , -0.006183  
1697872206 , 0.009408  
1697872212 , 0.004704  
1697872218 , 0.002352  
1697872224 , 0.002352  
1697872230 , -0.023824  
1697872235 , -0.036912  
1697872241 , -0.030956  
1697872247 , -0.015478  
1697872253 , -0.007739  
1697872259 , -0.003869  
1697872265 , -0.003869  
1697872271 , 0.010565  
1697872277 , 0.030283  
1697872283 , 0.040141  
1697872289 , 0.032571  
1697872295 , 0.041285  
1697872300 , 0.045643  
1697872306 , 0.047821  
1697872312 , 0.061411  
1697872318 , 0.061411  
1697872324 , 0.030705  
1697872330 , 0.030705  
1697872336 , 0.015353  
1697872342 , 0.007676  
1697872348 , 0.003838  
1697872354 , 0.001919  
1697872360 , 0.013460  
1697872365 , 0.006730  
1697872371 , 0.015865  
1697872377 , 0.020432  
1697872383 , 0.022716  
1697872389 , 0.036358  
1697872395 , 0.043179  
1697872401 , 0.034090  
1697872407 , 0.017045  
1697872413 , 0.008522  
1697872419 , -0.008239  
1697872425 , -0.016619  
1697872430 , -0.033310  
1697872436 , -0.033310  
1697872442 , -0.016655  
1697872448 , -0.008327  
1697872454 , 0.008336  
1697872460 , 0.029168  
1697872466 , 0.002084  
1697872472 , -0.011458  
1697872478 , -0.005729  
1697872484 , 0.009635  
1697872490 , 0.017318  
1697872495 , -0.016341  
1697872501 , -0.033171  
1697872507 , -0.041585  
1697872513 , -0.045793  
1697872519 , -0.022896  
1697872525 , -0.011448  
1697872531 , -0.005724  
1697872537 , -0.002862  
1697872543 , 0.011069  
1697872549 , 0.030534  
1697872555 , 0.027767  
1697872561 , 0.026384  
1697872566 , -0.011808  
1697872572 , -0.030904  
1697872578 , -0.027952  
1697872584 , -0.026476  
1697872590 , -0.000738  
1697872596 , 0.012131  
1697872602 , 0.018565  
1697872608 , 0.021783  
1697872614 , 0.023391  
1697872620 , 0.011696  
1697872626 , 0.005848  
1697872632 , 0.002924  
1697872638 , 0.026462  
1697872643 , 0.025731  
1697872649 , 0.000365  
1697872655 , -0.024817  
1697872661 , -0.049909  
1697872667 , -0.037454  
1697872673 , 0.006273  
1697872679 , 0.040636  
1697872685 , 0.057818  
1697872691 , 0.066409  
1697872697 , 0.058205  
1697872703 , 0.016602  
1697872709 , 0.008301  
1697872714 , -0.020849  
1697872720 , -0.035425  
1697872726 , -0.017712  
1697872732 , 0.003644  
1697872738 , 0.014322  
1697872744 , 0.032161  
1697872750 , 0.028580  
1697872756 , 0.014290  
1697872762 , -0.005355  
1697872768 , -0.015177  
1697872774 , -0.020089  
1697872780 , -0.010044  
1697872785 , 0.007478  
1697872791 , 0.041239  
1697872797 , 0.058119  
1697872803 , 0.054060  
1697872809 , 0.052030  
1697872815 , 0.052030  
1697872821 , 0.001015  
1697872827 , -0.024493  
1697872833 , -0.024493  
1697872839 , -0.024746  
1697872844 , -0.024873  
1697872850 , -0.012437  
1697872856 , -0.012437  
1697872862 , -0.018718  
1697872868 , -0.009359  
1697872874 , -0.004680  
1697872880 , -0.002340  
1697872886 , 0.011330  
1697872892 , 0.018165  
1697872898 , -0.003417  
1697872904 , -0.014209  
1697872909 , -0.019604  
1697872915 , -0.034802  
1697872921 , -0.042401  
1697872927 , -0.033701  
1697872933 , -0.029350  
1697872939 , -0.027175  
1697872945 , -0.026088  
1697872951 , -0.025544  
1697872957 , -0.025272  
1697872963 , 0.012364  
1697872969 , 0.018682  
1697872974 , 0.009341  
1697872980 , 0.004671  
1697872986 , -0.010165  
1697872992 , -0.005082  
1697872998 , 0.009959  
1697873004 , 0.017479  
1697873010 , 0.017479  
1697873016 , 0.021240  
1697873022 , 0.010620  
1697873027 , 0.005310  
1697873033 , 0.002655  
1697873039 , 0.002655  
1697873045 , 0.026327  
1697873051 , 0.050664  
1697873057 , 0.050332  
1697873063 , 0.037666  
