1697871490 , 0.000000  
1697871496 , 0.000000  
1697871502 , 0.000000  
1697871508 , 0.000000  
1697871514 , -0.062500  
1697871520 , -0.081250  
1697871526 , -0.103125  
1697871532 , -0.114062  
1697871538 , -0.107031  
1697871544 , -0.103516  
1697871550 , -0.101758  
1697871555 , -0.088379  
1697871561 , -0.094189  
1697871567 , -0.094189  
1697871573 , -0.047095  
1697871579 , 0.001453  
1697871585 , 0.038226  
1697871591 , 0.044113  
1697871597 , 0.034557  
1697871603 , 0.017278  
1697871609 , -0.003861  
1697871615 , -0.014430  
1697871620 , -0.019715  
1697871626 , -0.072358  
1697871632 , -0.086179  
1697871638 , -0.093089  
1697871644 , -0.093089  
1697871650 , -0.046545  
1697871656 , -0.010772  
1697871662 , -0.005386  
1697871668 , 0.034807  
1697871674 , 0.067403  
1697871680 , 0.067403  
1697871685 , 0.058702  
1697871691 , 0.029351  
1697871697 , 0.002175  
1697871703 , 0.001088  
1697871709 , 0.013044  
1697871715 , 0.006522  
1697871721 , 0.003261  
1697871727 , -0.010870  
1697871733 , -0.010870  
1697871739 , -0.030435  
1697871744 , -0.040217  
1697871750 , -0.040217  
1697871756 , -0.057609  
1697871762 , -0.066304  
1697871768 , -0.083152  
1697871774 , -0.091576  
1697871780 , -0.070788  
1697871786 , -0.010394  
1697871792 , 0.019803  
1697871798 , 0.019803  
1697871804 , 0.022401  
1697871810 , 0.022401  
1697871815 , -0.001299  
1697871821 , 0.011850  
1697871827 , -0.006575  
1697871833 , -0.003287  
1697871839 , -0.014144  
1697871845 , -0.019572  
1697871851 , 0.002714  
1697871857 , 0.013857  
1697871863 , 0.019428  
1697871869 , 0.022214  
1697871875 , 0.061107  
1697871881 , 0.080554  
1697871886 , 0.090277  
1697871892 , 0.095138  
1697871898 , 0.072569  
1697871904 , 0.036285  
1697871910 , 0.018142  
1697871916 , 0.021571  
1697871922 , -0.001714  
1697871928 , -0.025857  
1697871934 , -0.050429  
1697871940 , -0.100214  
1697871946 , -0.100107  
1697871952 , -0.062554  
1697871957 , -0.043777  
1697871963 , -0.021888  
1697871969 , -0.010944  
1697871975 , -0.030472  
1697871981 , -0.027736  
1697871987 , -0.026368  
1697871993 , -0.000684  
1697871999 , 0.024658  
1697872005 , 0.037329  
1697872011 , 0.056164  
1697872017 , 0.053082  
1697872023 , 0.051541  
1697872028 , 0.050771  
1697872034 , 0.012885  
1697872040 , 0.012885  
1697872046 , -0.006057  
1697872052 , -0.003029  
1697872058 , -0.001514  
1697872064 , 0.024243  
1697872070 , 0.037121  
1697872076 , 0.031061  
1697872082 , 0.028030  
1697872088 , 0.001515  
1697872094 , -0.024242  
1697872099 , -0.062121  
1697872105 , -0.081061  
1697872111 , -0.090530  
1697872117 , -0.095265  
1697872123 , -0.072633  
1697872129 , -0.023816  
1697872135 , 0.013092  
1697872141 , 0.044046  
1697872147 , 0.072023  
1697872153 , 0.061011  
1697872159 , 0.055506  
1697872165 , 0.055506  
1697872170 , 0.052753  
1697872176 , 0.038876  
1697872182 , 0.006938  
1697872188 , 0.015969  
1697872194 , 0.045485  
1697872200 , 0.072742  
1697872206 , 0.111371  
1697872212 , 0.143186  
1697872218 , 0.146593  
1697872224 , 0.146593  
1697872230 , 0.110796  
1697872235 , 0.080398  
1697872241 , 0.040199  
1697872247 , 0.020100  
1697872253 , -0.027450  
1697872259 , -0.038725  
1697872265 , -0.038725  
1697872271 , -0.019363  
1697872277 , -0.009681  
1697872283 , -0.017341  
1697872289 , -0.021170  
1697872295 , 0.014415  
1697872300 , 0.032207  
1697872306 , 0.016104  
1697872312 , 0.008052  
1697872318 , 0.008052  
1697872324 , -0.020974  
1697872330 , -0.020974  
1697872336 , -0.022987  
1697872342 , -0.036494  
1697872348 , -0.030747  
1697872354 , -0.027873  
1697872360 , 0.011063  
1697872365 , 0.030532  
1697872371 , 0.040266  
1697872377 , 0.045133  
1697872383 , 0.035066  
1697872389 , 0.030033  
1697872395 , 0.040017  
1697872401 , 0.020008  
1697872407 , -0.014996  
1697872413 , -0.044998  
1697872419 , -0.072499  
1697872425 , -0.086249  
1697872430 , -0.080625  
1697872436 , -0.080625  
1697872442 , -0.027812  
1697872448 , 0.011094  
1697872454 , 0.030547  
1697872460 , 0.040273  
1697872466 , -0.017363  
1697872472 , -0.046182  
1697872478 , -0.060591  
1697872484 , -0.055295  
1697872490 , -0.027648  
1697872495 , -0.051324  
1697872501 , -0.038162  
1697872507 , -0.056581  
1697872513 , -0.065790  
1697872519 , -0.045395  
1697872525 , -0.035198  
1697872531 , -0.017599  
1697872537 , -0.008799  
1697872543 , 0.008100  
1697872549 , 0.016550  
1697872555 , 0.020775  
1697872561 , -0.002112  
1697872566 , -0.038556  
1697872572 , -0.056778  
1697872578 , -0.065889  
1697872584 , -0.045445  
1697872590 , 0.002278  
1697872596 , 0.038639  
1697872602 , 0.044319  
1697872608 , 0.072160  
1697872614 , 0.061080  
1697872620 , 0.043040  
1697872626 , 0.034020  
1697872632 , 0.017010  
1697872638 , 0.008505  
1697872643 , -0.033248  
1697872649 , -0.091624  
1697872655 , -0.108312  
1697872661 , -0.116656  
1697872667 , -0.083328  
1697872673 , -0.054164  
1697872679 , -0.027082  
1697872685 , -0.001041  
1697872691 , -0.000521  
1697872697 , 0.037240  
1697872703 , 0.031120  
1697872709 , 0.040560  
1697872714 , 0.032780  
1697872720 , -0.008610  
1697872726 , 0.020695  
1697872732 , 0.010347  
1697872738 , 0.017674  
1697872744 , 0.046337  
1697872750 , 0.035668  
1697872756 , 0.042834  
1697872762 , 0.021417  
1697872768 , -0.001791  
1697872774 , -0.025896  
1697872780 , -0.050448  
1697872785 , -0.025224  
1697872791 , -0.025112  
1697872797 , -0.012556  
1697872803 , -0.006278  
1697872809 , -0.015639  
1697872815 , -0.015639  
1697872821 , -0.057819  
1697872827 , -0.066410  
1697872833 , -0.066410  
1697872839 , -0.070705  
1697872844 , -0.047852  
1697872850 , -0.048926  
1697872856 , -0.048926  
1697872862 , -0.024463  
1697872868 , -0.037232  
1697872874 , -0.018616  
1697872880 , -0.009308  
1697872886 , 0.007846  
1697872892 , 0.041423  
1697872898 , -0.004288  
1697872904 , -0.027144  
1697872909 , -0.038572  
1697872915 , -0.031786  
1697872921 , -0.028393  
1697872927 , -0.014197  
1697872933 , -0.019598  
1697872939 , -0.047299  
1697872945 , -0.048650  
1697872951 , -0.061825  
1697872957 , -0.030912  
1697872963 , -0.027956  
1697872969 , -0.063978  
1697872974 , -0.094489  
1697872980 , -0.122245  
1697872986 , -0.123622  
1697872992 , -0.086811  
1697872998 , -0.055906  
1697873004 , -0.015453  
1697873010 , -0.015453  
1697873016 , 0.004774  
1697873022 , 0.027387  
1697873027 , 0.013693  
1697873033 , 0.019347  
1697873039 , 0.019347  
1697873045 , -0.002827  
1697873051 , -0.026413  
1697873057 , -0.025707  
1697873063 , -0.000353  
